
strategic_region={
	id=1
	name="STRATEGICREGION_1"
	provinces={
		9 155 209 226 235 242 295 371 505 538 627 630 641 650 721 737 753 784 792 809 813 828 1111 1210 1293 1473 1529 1537 1732 1741 1877 1905 1948 1966 1987 2020 2029 2034 2035 2089 2100 2197 2326 2387 2425 2475 2529 2549 2641 2659 2675 2701 2709 2906 3000 3148 3159 3169 3257 3285 3295 3332 3371 3381 3478 3505 3506 3572 3577 3690 3696 3744 3759 3761 3788 3848 3870 3875 3886 3941 3959 3976 4006 4031 4057 4062 4064 4100 4200 4214 4303 4317 4342 4381 4418 4434 4448 4465 4482 4516 4525 4643 4778 4827 4892 4893 4938 4947 5043 5072 5100 5221 5245 5270 5300 5328 5332 5373 5376 5424 5440 5441 5484 5501 5532 5555 5576 5705 5745 5746 5847 5852 5854 5891 5916 5930 5932 5967 5992 6207 6277 6364 6370 6387 6437 6450 6520 6524 6609 6652 6791 6796 6805 6886 6892 6904 6912 6923 6936 6941 6942 6951 6953 6963 6965 6973 6974 6975 6976 6983 6984 6987 6989 6993 6995 6998 7005 7007 7017 7018 7020 7025 7027 7035 7036 7044 7050 7051 7053 7056 7065 7073 7076 7082 7085 7090 7094 7096 7101 7108 7118 7129 7134 7142 7144 7165 7168 7182 7188 7189 7190 7195 7196 7207 7213 7230 7241 7249 7263 7270 7283 7293 7294 7296 7304 7306 7313 7316 7322 7325 7337 7339 7350 7370 7422 7443 
	}
	weather={
	}
}
