
strategic_region={
	id=17
	name="STRATEGICREGION_17"
	provinces={
		203 213 278 394 490 577 683 697 726 958 1038 1128 1173 1417 1466 1532 1557 1563 1779 1806 1832 1868 2123 2139 2196 2225 2413 2588 2607 2642 2660 2689 2752 2797 2812 3030 3061 3071 3093 3116 3190 3235 3328 3337 3358 3424 3458 3538 3544 3589 3789 3872 3956 4077 4156 4257 4291 4294 4304 4444 4464 4548 4549 4564 4589 4593 4608 4699 4703 4765 4771 4809 4895 4907 4984 5022 5125 5136 5193 5197 5228 5240 5247 5365 5471 5494 5506 5519 5521 5542 5583 5599 5611 5754 5756 5782 5783 5851 5868 5944 6001 6028 6031 6034 6078 6183 6235 6249 6391 6504 6781 6802 7475 7476 7532 7545 7556 7600 7614 7625 7631 7634 7635 7649 7653 7655 7668 7671 7672 7681 7685 7688 7691 7699 7703 7705 7711 7714 7729 7730 7737 7754 7758 7759 7786 7792 7794 7801 7808 7815 7822 7832 7878 11028 11031 11032 11033 11034 11035 11036 11037 11038 11039 11040 11041 11042 11043 11044 11045 
	}
	weather={
	}
}
