
strategic_region={
	id=24
	name="STRATEGICREGION_24"
	provinces={
		57 118 138 202 293 473 575 608 727 1147 1158 1297 1326 1576 1577 1583 1616 1638 1667 1675 1725 1839 1844 1924 1936 1965 2209 2477 2542 2858 2887 2940 2953 2994 3110 3113 3155 3206 3219 3231 3236 3286 3297 3310 3392 3399 3510 3594 3737 3968 4034 4055 4103 4172 4358 4419 4424 4460 4507 4618 4638 4661 4815 4889 5016 5042 5290 5306 5335 5430 5457 5567 5623 5625 5704 5717 5757 5804 5809 5842 5845 5926 5951 6011 6038 6062 6180 6181 6300 6347 6367 6575 6596 6635 6693 6733 7155 7159 7163 7169 7176 7183 7184 7187 7204 7209 7219 7222 7231 7242 7250 7258 7264 7285 7287 7300 7305 7326 7330 7356 7359 7367 7373 7383 7390 7401 7408 7427 7435 7441 7444 7456 7458 7463 7469 7507 7508 7517 7528 7597 7624 
	}
	weather={
	}
}
