
strategic_region={
	id=33
	name="STRATEGICREGION_33"
	provinces={
		344 1884 1930 2636 2636 2636 3118 3118 3118 3248 3248 3248 3280 3280 3280 4299 4470 4997 5169 5169 5169 5242 5242 5242 5405 5405 5405 5478 5503 5503 5503 5652 5652 5652 5762 5762 5762 5993 5993 5993 6390 6514 6514 6514 6611 6611 6611 7070 7091 7104 7104 7104 7105 7105 7105 7106 7113 7113 7113 7116 7121 7123 7123 7123 7124 7124 7124 7130 7130 7130 7136 7136 7136 7151 7151 7151 7174 9307 9307 9307 9308 9308 9308 9309 9309 9309 10899 10899 10899 10951 
	}
	weather={
	}
}
