
strategic_region={
	id=37
	name="STRATEGICREGION_37"
	provinces={
		32 160 187 246 255 280 305 330 337 339 343 421 433 509 516 540 629 663 706 714 716 752 759 773 791 797 851 854 857 863 871 915 929 950 985 1015 1021 1046 1069 1117 1135 1195 1240 1264 1269 1347 1349 1393 1410 1582 1594 1617 1710 1746 1782 1792 1816 1824 1872 1890 1903 1992 2056 2061 2068 2088 2128 2153 2290 2327 2342 2349 2356 2359 2368 2429 2440 2444 2470 2474 2488 2506 2553 2668 2741 2745 2762 2833 2845 2864 2873 2891 2900 2903 2915 2958 3024 3045 3115 3168 3175 3276 3301 3333 3355 3419 3435 3499 3501 3511 3605 3610 3681 3692 3819 3849 3869 3961 4052 4067 4073 4075 4247 4250 4372 4453 4467 4471 4473 4531 4560 4642 4717 4763 4783 4902 4904 4929 5144 5149 5157 5158 5170 5181 5277 5278 5285 5311 5316 5463 5470 5569 5591 5601 5615 5616 5648 5658 5697 5708 5751 5752 5898 5924 5957 5990 6045 6049 6115 6158 6182 6191 6323 6348 6381 6433 6458 6500 6513 6574 6585 6620 6640 6703 6704 6726 6735 6804 8177 8193 8209 8215 8216 8217 8218 8229 8237 8238 8242 8255 8261 8264 8269 8281 8290 8291 8305 8308 8326 8329 8335 8338 8361 8367 8371 8380 8389 8391 8395 8403 8404 8422 8437 8439 8459 8462 8481 8487 8488 8489 8493 8496 8513 8517 8538 8552 8553 8558 8563 8572 8577 8585 8620 8660 8695 8715 8718 8726 8740 8752 8758 8799 8814 10881 10890 10891 10966 10967 10968 10969 10970 10971 10973 10976 10977 10979 10980 10981 10983 10984 10985 10986 10987 10988 10989 10990 10991 10992 10993 10994 10995 10996 10997 10998 10999 11001 11003 11004 11005 11006 11007 11008 11009 11010 11011 11012 11013 11014 11015 11016 11017 11018 11019 11020 11021 11022 11023 11024 
	}
	weather={
	}
}
