
strategic_region={
	id=43
	name="STRATEGICREGION_43"
	provinces={
		53 54 76 104 120 186 199 212 219 225 270 275 332 340 368 403 409 544 574 747 786 865 869 924 935 988 1024 1054 1072 1080 1096 1215 1238 1333 1484 1516 1549 1572 1596 1610 1618 1731 1736 1743 1815 1831 1922 2013 2016 2033 2055 2099 2155 2160 2214 2229 2358 2467 2499 2503 2586 2651 2652 2658 2685 2694 2722 2728 2796 2821 2981 3040 3139 3172 3339 3537 3613 3969 4080 4123 4127 4147 4170 4541 4604 4671 4791 4848 4859 4881 4948 5023 5246 5263 5302 5537 5558 5564 5566 5791 5817 5897 6081 6122 6159 6197 6260 6267 6338 6446 6541 8025 8038 8159 8200 8251 8266 8309 8313 8399 8409 8468 8486 8492 8506 8508 8525 8586 8591 8592 8595 8604 8610 8640 8648 10892 10972 10974 10975 10978 10982 
	}
	weather={
	}
}
