
strategic_region={
	id=49
	name="STRATEGICREGION_49"
	provinces={
		2 33 41 52 67 74 94 103 150 152 153 204 250 271 300 317 319 336 351 369 372 373 381 387 389 396 439 445 451 469 506 527 532 551 567 572 586 600 614 632 642 660 692 704 710 777 783 796 853 894 916 932 933 962 982 1023 1045 1066 1073 1089 1097 1129 1133 1157 1168 1171 1174 1178 1185 1224 1228 1243 1245 1251 1282 1289 1314 1322 1330 1340 1354 1379 1443 1480 1502 1507 1553 1580 1584 1595 1631 1636 1640 1672 1677 1685 1723 1767 1804 1822 1825 1827 1843 1914 1921 1933 1957 2017 2039 2041 2042 2070 2078 2080 2106 2120 2124 2154 2172 2173 2176 2193 2199 2220 2221 2263 2276 2297 2298 2302 2331 2364 2375 2405 2426 2433 2436 2446 2465 2483 2504 2508 2512 2519 2531 2540 2564 2567 2584 2593 2596 2612 2615 2640 2644 2653 2674 2680 2682 2684 2692 2700 2751 2772 2773 2785 2792 2793 2795 2803 2814 2823 2834 2841 2860 2865 2872 2889 2890 2901 2938 2956 2975 2982 3010 3022 3037 3042 3050 3053 3072 3081 3082 3084 3096 3121 3130 3181 3184 3187 3217 3221 3237 3241 3251 3258 3259 3266 3277 3309 3321 3354 3377 3416 3417 3430 3480 3487 3518 3543 3548 3560 3568 3579 3588 3592 3602 3615 3625 3630 3649 3658 3665 3675 3706 3713 3718 3722 3728 3732 3767 3768 3784 3792 3811 3812 3821 3852 3859 3860 3874 3876 3881 3882 3892 3909 3910 3912 3915 3931 3977 3983 3993 3997 4001 4029 4030 4036 4040 4043 4061 4118 4155 4179 4242 4266 4267 4272 4284 4312 4318 4371 4379 4402 4414 4429 4449 4499 4503 4519 4520 4521 4536 4543 4555 4566 4577 4580 4597 4599 4617 4623 4636 4646 4648 4654 4664 4676 4698 4701 4701 4705 4707 4711 4719 4720 4724 4726 4738 4746 4747 4782 4818 4819 4826 4843 4876 4885 4910 4976 4987 5010 5013 5032 5037 5049 5054 5092 5095 5098 5101 5114 5128 5146 5192 5195 5200 5234 5243 5252 5262 5305 5312 5323 5325 5326 5362 5379 5383 5399 5400 5435 5526 5540 5540 5554 5573 5574 5596 5608 5640 5641 5645 5669 5685 5691 5703 5721 5743 5776 5780 5795 5800 5819 5823 5827 5835 5844 5859 5875 5886 5890 5892 5905 5906 5933 5968 5982 5999 6025 6037 6044 6050 6064 6067 6086 6097 6107 6121 6140 6148 6152 6205 6218 6225 6241 6290 6327 6356 6369 6377 6409 6426 6439 6463 6479 6497 6518 6568 6576 6579 6584 6602 6649 6650 6655 6664 6684 6686 6689 6702 6715 6717 6719 6734 6748 6812 8333 8341 8352 8353 8355 8370 8376 8378 8379 8383 8407 8415 8416 8419 8429 8430 8432 8436 8440 8446 8448 8457 8463 8476 8479 8480 8495 8499 8503 8507 8511 8514 8515 8519 8528 8540 8547 8550 8557 8559 8562 8565 8567 8580 8581 8594 8596 8598 8603 8618 8622 8626 8627 8638 8644 8645 8650 8651 8652 8664 8673 8677 8683 8687 8691 8696 8697 8700 8701 8702 8703 8714 8721 8729 8731 8735 8738 8748 8749 8750 8751 8755 8757 8760 8768 8769 8770 8786 8787 8789 8794 8797 8798 8803 8805 8807 8823 8830 8842 8843 8853 8855 8857 8861 8863 8869 8870 8872 8874 8879 8884 8888 8889 8895 8898 8904 8920 8921 8929 8934 8936 8939 8943 8953 8960 
	}
	weather={
	}
}
