
strategic_region={
	id=52
	name="STRATEGICREGION_52"
	provinces={
		1 23 26 37 49 50 70 97 130 147 154 156 157 170 175 188 211 253 260 261 285 289 326 359 401 416 432 437 450 452 471 549 556 557 640 648 690 711 735 781 782 801 806 835 884 896 912 939 943 1025 1026 1030 1042 1065 1078 1085 1118 1122 1167 1169 1198 1199 1229 1249 1256 1257 1275 1284 1317 1327 1362 1372 1375 1392 1401 1423 1426 1440 1449 1472 1482 1491 1492 1494 1508 1533 1544 1606 1630 1633 1651 1652 1682 1689 1690 1696 1709 1721 1722 1727 1754 1761 1784 1787 1830 1856 1861 1878 1900 1906 1919 1941 1954 1973 1988 2026 2049 2065 2084 2141 2148 2174 2181 2205 2245 2246 2274 2296 2339 2369 2386 2389 2424 2482 2492 2511 2543 2548 2574 2579 2589 2595 2602 2614 2665 2686 2698 2736 2743 2744 2764 2779 2784 2870 2878 2896 2898 2907 2928 2948 2965 3011 3012 3016 3026 3035 3039 3043 3114 3138 3153 3205 3208 3225 3279 3338 3353 3367 3379 3389 3404 3447 3469 3488 3494 3503 3509 3527 3555 3574 3617 3620 3643 3652 3654 3662 3672 3678 3707 3746 3749 3763 3783 3814 3818 3830 3838 3862 3898 3944 4010 4024 4038 4059 4096 4115 4125 4133 4181 4188 4191 4195 4216 4283 4288 4328 4364 4373 4374 4388 4430 4432 4451 4462 4469 4477 4485 4518 4640 4684 4704 4708 4709 4712 4751 4797 4852 4863 4884 4905 4926 4953 4964 4978 5040 5047 5048 5065 5096 5105 5112 5113 5129 5139 5142 5178 5185 5205 5275 5279 5359 5363 5366 5420 5452 5459 5469 5486 5498 5511 5531 5549 5600 5609 5628 5661 5663 5730 5739 5748 5750 5805 5838 5849 5874 5987 6003 6008 6029 6066 6071 6080 6116 6126 6190 6203 6240 6275 6306 6335 6419 6443 6499 6505 6586 6651 6710 6722 6742 6762 6768 8900 8905 8915 8923 8938 8957 8974 8989 9010 9014 9020 9021 9038 9052 9053 9054 9057 9087 9088 9089 9097 9103 9113 9116 9128 9138 9139 9140 9142 9145 9146 9148 9154 9161 9162 9168 9172 9173 9176 9178 9181 9184 9185 9186 9189 9191 9193 9196 9203 9205 9209 9213 9216 9217 9220 9226 9229 9231 9236 9238 9241 9244 9260 9261 9262 9264 9265 9266 
	}
	weather={
	}
}
