
strategic_region={
	id=53
	name="STRATEGICREGION_53"
	provinces={
		3 14 15 17 18 20 21 22 36 42 45 51 55 63 72 75 78 84 86 98 102 109 131 141 142 145 197 206 215 216 221 229 231 232 234 236 243 244 264 272 276 290 291 302 315 316 320 322 325 383 384 388 408 415 418 425 446 455 464 468 477 481 482 483 484 487 507 521 528 530 571 576 581 589 590 597 599 602 603 604 620 621 626 631 644 646 654 684 687 693 694 695 713 728 738 745 746 749 750 755 760 763 764 772 774 790 802 803 826 841 842 880 883 898 902 905 908 913 918 919 931 937 963 973 976 980 987 991 999 1010 1012 1020 1029 1034 1039 1044 1048 1056 1061 1062 1067 1079 1087 1106 1113 1121 1132 1137 1138 1145 1153 1165 1166 1176 1181 1182 1187 1191 1200 1212 1219 1221 1227 1233 1248 1267 1272 1273 1281 1295 1298 1302 1305 1306 1315 1324 1325 1342 1346 1352 1356 1357 1364 1367 1374 1377 1377 1384 1402 1404 1416 1419 1420 1432 1438 1441 1455 1456 1457 1488 1495 1503 1505 1513 1546 1560 1569 1571 1575 1602 1614 1619 1653 1654 1671 1678 1679 1691 1697 1711 1716 1717 1735 1762 1765 1783 1789 1795 1798 1802 1811 1812 1813 1862 1869 1881 1912 1927 1927 1928 1929 1935 1944 1950 1955 1960 1972 1981 1996 1999 2002 2007 2011 2023 2043 2048 2058 2069 2075 2081 2114 2114 2134 2138 2147 2158 2163 2168 2188 2190 2192 2216 2239 2242 2248 2255 2259 2265 2268 2278 2288 2292 2304 2317 2340 2353 2360 2362 2376 2378 2388 2391 2399 2400 2403 2415 2427 2438 2439 2441 2454 2461 2485 2487 2489 2491 2493 2496 2501 2507 2513 2521 2526 2527 2528 2550 2572 2611 2617 2619 2633 2673 2678 2683 2703 2706 2710 2720 2735 2746 2747 2767 2776 2778 2782 2800 2802 2813 2818 2819 2842 2849 2862 2876 2895 2902 2904 2908 2913 2916 2934 2972 2975 2979 2993 3019 3027 3051 3056 3057 3067 3074 3078 3083 3086 3091 3097 3100 3106 3131 3156 3167 3171 3182 3202 3218 3230 3238 3239 3247 3261 3264 3281 3299 3307 3308 3322 3325 3327 3334 3341 3362 3368 3368 3369 3373 3386 3395 3407 3411 3411 3412 3418 3429 3434 3445 3445 3461 3484 3491 3495 3500 3500 3524 3533 3535 3541 3552 3569 3590 3590 3601 3609 3616 3626 3656 3682 3702 3720 3726 3727 3734 3742 3745 3752 3760 3773 3778 3785 3787 3798 3827 3827 3828 3843 3846 3853 3855 3868 3890 3894 3902 3907 3908 3919 3946 3947 3952 3957 3970 3978 3986 3996 4002 4003 4008 4037 4053 4056 4060 4071 4081 4105 4110 4119 4140 4144 4148 4169 4171 4175 4182 4183 4193 4203 4204 4205 4209 4225 4233 4238 4240 4248 4255 4260 4271 4274 4278 4295 4300 4305 4307 4307 4309 4313 4315 4326 4332 4338 4348 4351 4378 4394 4401 4416 4417 4443 4457 4461 4490 4490 4493 4502 4522 4534 4539 4540 4544 4569 4594 4610 4621 4630 4641 4650 4652 4655 4656 4657 4673 4727 4728 4737 4742 4774 4775 4801 4816 4817 4822 4845 4861 4862 4866 4867 4869 4873 4918 4919 4927 4934 4940 4954 4955 4977 4988 4992 4992 5028 5079 5088 5106 5121 5122 5133 5143 5145 5150 5152 5160 5174 5175 5177 5177 5194 5208 5209 5218 5227 5232 5236 5239 5253 5273 5273 5276 5295 5301 5313 5331 5331 5333 5334 5337 5338 5339 5350 5353 5370 5390 5392 5406 5415 5431 5437 5449 5450 5451 5460 5465 5474 5482 5517 5538 5547 5557 5563 5605 5642 5647 5656 5657 5672 5680 5695 5702 5744 5744 5761 5785 5808 5811 5825 5833 5846 5873 5927 5934 5939 5940 5954 5989 5996 5997 6005 6012 6018 6039 6048 6051 6065 6070 6075 6109 6135 6151 6151 6171 6176 6185 6192 6194 6198 6212 6212 6216 6227 6268 6271 6271 6281 6301 6303 6307 6308 6317 6332 6342 6392 6398 6430 6440 6445 6454 6462 6468 6471 6476 6484 6494 6503 6522 6540 6557 6558 6573 6577 6589 6604 6613 6614 6619 6623 6624 6634 6648 6678 6680 6713 6720 6724 6750 6758 6785 6786 6788 6795 6798 6813 7000 7008 7015 7030 7033 7049 7058 7063 7069 7099 7143 7160 7180 7237 7247 7253 7259 7272 7275 7278 7288 7291 7299 7308 7309 7311 7321 7342 7352 7369 7385 7410 7415 7417 7425 7433 7438 7439 7445 7451 7459 7460 7467 7488 7501 7523 7524 7534 7535 7551 7554 7564 7568 7576 7580 7589 7592 7617 7620 7628 7636 7642 7647 7658 7660 7677 7707 7708 7709 7717 7736 7744 7746 7750 7760 7767 7773 7778 7788 7790 7795 7797 7798 7820 7827 7851 7866 7875 7884 7899 7908 7916 7925 7943 7949 7963 7974 7984 7990 8000 8003 8011 8016 8020 8023 8033 8050 8063 8070 8071 8094 8122 8128 8136 8146 8162 8170 8175 8176 8184 8184 8186 8192 8202 8206 8206 8207 8211 8222 8228 8235 8240 8240 8268 8274 8277 8277 8283 8284 8284 8287 8302 8302 8315 8315 8317 8322 8324 8324 8328 8332 8334 8334 8341 8344 8345 8347 8348 8350 8353 8356 8360 8363 8366 8372 8387 8388 8393 8394 8405 8408 8410 8411 8417 8420 8423 8431 8435 8438 8447 8458 8461 8477 8483 8510 8512 8530 8539 8541 8555 8564 8566 8635 8646 8711 8777 9305 9310 9313 
	}
	weather={
	}
}
