
strategic_region={
	id=64
	name="STRATEGICREGION_64"
	provinces={
		4 105 178 181 241 247 327 363 380 493 496 517 534 563 573 678 712 778 821 824 838 901 944 948 1022 1139 1250 1252 1270 1309 1320 1331 1385 1435 1479 1485 1498 1600 1663 1692 1720 1737 1866 1920 2004 2044 2062 2090 2167 2183 2187 2280 2281 2395 2502 2505 2516 2539 2551 2623 2643 2695 2754 2755 2771 2789 2868 2884 2922 2964 2991 3062 3124 3143 3294 3428 3433 3467 3636 3670 3699 3738 3775 3816 3844 3917 4047 4083 4139 4149 4341 4446 4487 4550 4683 4768 4823 4860 4894 4935 4951 4965 4982 4983 4991 5163 5369 5378 5404 5530 5571 5707 5760 5778 5815 5829 5862 5869 6014 6106 6157 6213 6353 6382 6411 6449 6533 6739 6760 6803 7172 7221 7227 7303 7315 7395 7421 7474 7481 7530 7584 7626 7644 7694 7704 7727 7735 7768 7806 7853 7862 7880 7885 7922 7946 7964 8608 8724 8909 9326 
	}
	weather={
	}
}
