
strategic_region={
	id=67
	name="STRATEGICREGION_67"
	provinces={
		454 729 733 798 831 834 858 909 1311 1566 1597 1628 1781 1788 2373 2411 2428 2679 3226 3393 3534 3540 3653 3841 3904 4136 4252 4265 4609 4694 4733 4756 5083 5271 5294 5297 5298 5315 5388 5447 5462 5468 5518 5765 5971 6000 6016 6053 6149 6252 6255 6326 6428 6496 6509 6538 6548 6644 6660 6749 6806 7952 7983 7989 7998 8045 8072 8077 8082 8100 8105 8114 8119 8120 8123 8125 8141 8142 8143 8156 8163 8180 8187 8188 8194 8213 8219 8224 8225 8226 8230 8241 8249 8252 8258 8265 8282 9329 9332 9341 
	}
	weather={
	}
}
