
strategic_region={
	id=71
	name="STRATEGICREGION_71"
	provinces={
		193 218 296 428 443 546 548 567 785 800 825 882 910 1060 1089 1243 1386 1591 1604 1641 1649 1676 1887 2008 2025 2106 2210 2224 2297 2338 2443 2458 2583 2627 2672 2836 2854 2888 3141 3154 3204 3215 3267 3354 3436 3516 3580 3584 3603 3607 3647 3667 3713 3735 3984 3991 3992 4054 4392 4431 4435 4437 4498 4499 4530 4696 4814 4874 4937 5066 5068 5101 5123 5131 5191 5216 5264 5384 5434 5495 5528 5545 5568 5573 5667 5731 5918 6024 6095 6102 6156 6184 6206 6245 6263 6362 6366 6374 6474 6475 6481 6489 6560 6569 6598 6675 6716 6792 8247 8257 8273 8276 8278 8295 8303 8304 8307 8312 8314 8316 8320 8321 8325 8331 8337 8339 8340 8346 8354 8358 8364 8365 8369 8374 8375 8377 8384 8386 8397 8398 8400 8402 8412 8418 8426 8428 8440 8442 8450 8454 8465 8472 8473 8475 8484 8485 8494 8495 8500 8502 
	}
	weather={
	}
}
