
strategic_region={
	id=75
	name="STRATEGICREGION_75"
	provinces={
		44 60 99 393 426 501 667 744 870 979 981 1019 1050 1059 1064 1203 1286 1318 1379 1411 1459 1535 1771 1773 1786 1823 1904 1991 2038 2066 2094 2166 2251 2363 2385 2408 2422 2437 2498 2525 2565 2577 2606 2618 2708 2719 2733 2759 2761 2829 2889 2909 2914 2987 3101 3444 3464 3507 3519 3669 3710 3740 3801 3822 3975 3982 4009 4039 4180 4215 4282 4323 4334 4353 4510 4529 4579 4930 5039 5059 5256 5320 5375 5562 5588 5733 5865 5872 5910 5921 6043 6104 6242 6284 6343 6349 6389 6397 6584 6627 6641 6673 6700 6712 6751 7749 7843 7846 7861 7959 8024 8032 8043 8060 8079 8089 8148 8150 8166 8167 8203 8205 8221 8227 8250 8254 8263 8267 8271 8296 8299 8317 8323 8373 8396 
	}
	weather={
	}
}
