
strategic_region={
	id=76
	name="STRATEGICREGION_76"
	provinces={
		207 240 358 447 494 504 515 522 536 606 652 670 732 807 823 836 881 893 959 971 1068 1074 1114 1144 1183 1217 1300 1303 1308 1380 1381 1387 1394 1430 1444 1454 1464 1471 1497 1499 1531 1554 1555 1605 1608 1624 1627 1642 1650 1703 1726 1745 1821 1845 1852 1867 1874 1888 1925 1926 1940 1949 2005 2046 2052 2072 2096 2108 2177 2232 2252 2366 2372 2406 2452 2453 2468 2494 2628 2632 2655 2667 2669 2670 2731 2770 2804 2848 2925 3005 3007 3009 3029 3085 3119 3142 3185 3209 3211 3216 3229 3263 3269 3298 3324 3359 3363 3408 3539 3575 3591 3608 3622 3679 3703 3712 3730 3765 3771 3790 3823 3835 3924 3934 3964 4094 4176 4197 4198 4254 4281 4285 4370 4376 4380 4393 4397 4412 4476 4484 4505 4581 4631 4635 4680 4688 4702 4764 4780 4805 4821 4906 4920 4981 4985 5021 5033 5053 5082 5176 5184 5413 5466 5483 5507 5536 5597 5622 5624 5643 5681 5686 5688 5734 5753 5830 5836 5877 5887 6035 6093 6127 6129 6132 6142 6162 6187 6199 6210 6274 6325 6434 6472 6543 6546 6553 6588 6590 6591 6595 6605 6654 6708 6730 6736 6761 6766 6775 7659 7676 7701 7716 7725 7731 7748 7756 7787 7802 7805 7818 7842 7852 7865 7895 7897 7898 7907 7921 7927 7930 7933 7942 7950 7951 7954 7970 7977 7979 7980 7994 7996 7997 7999 8002 8010 8017 8026 8028 8031 8034 8035 8041 8047 8048 8065 8066 8073 8074 8078 8084 8095 8096 8103 8110 8111 8112 8116 8126 8127 8131 8140 8145 8149 8157 8158 8161 8165 8174 8183 8185 8204 8210 8236 8246 8248 8260 8286 8301 8330 
	}
	weather={
	}
}
