
strategic_region={
	id=80
	name="STRATEGICREGION_80"
	provinces={
		9368 9372 9377 9388 9389 9392 9410 9431 9435 9439 9442 9447 9457 9464 9465 9478 9508 9513 9524 9531 9532 9534 9537 9542 9545 9556 9563 9564 9569 9594 9599 9619 9626 9630 9631 9633 9638 9641 9642 9647 9672 9679 9685 9687 9696 9735 9740 9741 9751 9764 9765 9780 9787 9789 9817 9824 9831 9834 9835 9840 9843 9846 9858 9862 9870 9893 9897 9904 9910 9913 9927 9934 9953 9956 9958 9959 9960 9979 9993 9996 9997 10004 10022 10026 10030 10049 10058 10059 10063 10073 10075 10083 10086 10103 10108 10114 10118 10119 10124 10127 10140 10150 10163 10172 10184 10195 10196 10203 10209 10220 10224 10226 10227 10284 10289 10295 10296 10323 10336 10340 10349 10358 10360 10364 10365 10371 10386 10387 10393 10419 10432 10438 10446 10447 10448 10462 10468 10477 10481 10483 10506 10520 10540 10545 10546 10560 10564 10578 10584 10597 10600 10604 10606 10607 10630 10631 10656 10673 10676 10679 10680 10685 10686 10687 10688 10699 10702 10708 10714 10719 10723 10727 10728 10746 10748 10749 10754 10764 10766 10767 10768 10773 10775 
	}
	weather={
	}
}
