
state={
	id=1
	name="STATE_1"
	provinces={
		151 166 194 284 294 329 334 345 390 420 634 649 740 952 1100 1184 1204 1266 1348 1620 1660 1668 1701 1724 1774 1980 1990 2003 2024 2071 2082 2092 2132 2185 2230 2247 2284 2294 2303 2321 2379 2396 2404 2407 2451 2576 2711 2739 2921 2992 3112 3178 3284 3288 3306 3479 3498 3598 3627 3640 3677 3701 3774 3833 3938 3967 3994 4007 4124 4152 4165 4189 4395 4409 4509 4526 4573 4578 4583 4611 4620 4718 4772 4789 4840 4950 4961 5081 5102 5130 5134 5159 5190 5214 5357 5385 5408 5497 5499 5552 5598 5634 5651 5653 5654 5664 5690 5726 5812 5843 5882 5894 5895 5962 5980 6010 6019 6175 6201 6221 6230 6238 6253 6285 6313 6318 6486 6511 6593 6631 6653 6793 6917 6934 6935 6940 6947 6957 6966 6977 6978 6985 6990 6991 6996 7002 7010 7012 7026 7032 7040 7041 7042 7048 7057 7068 7078 7080 7089 7092 7100 7102 7103 7109 7122 7132 7133 7135 7146 7149 7153 7162 7166 7173 7191 7193 7217 7225 7254 7261 7262 7266 7281 7284 7286 7295 7297 7328 7329 7331 7332 7338 7340 7343 7360 7372 7376 7380 7381 7389 7404 7411 7412 7428 7446 
	}
	manpower=0
	buildings_max_level_factor=1.000
}
