state={
	id=116
	name="STATE_116"
	provinces={
		457 1040 1093 1242 1292 1475 1558 1915 2054 2087 2122 2131 2717 2783 2839 3214 3289 3529 3631 3646 3884 4131 4158 4301 4308 4316 4427 4803 4811 4832 4846 4879 4932 4946 4952 4979 5265 5372 5724 5802 5902 5952 5985 6054 6169 6229 6297 6298 6425 6473 6783 6876 6882 6884 6894 6897 6899 6900 6901 6902 6906 6910 6913 6929 6938 6949 6956 6969 6970 9304 
	}
	manpower=0
	buildings_max_level_factor=1.000
	history = {
		owner = ENG
		add_core_of = ENG
	}
}
