
state={
	id=118
	name="STATE_118"
	provinces={
		269 292 476 593 651 659 675 731 844 965 978 1136 1231 1258 1274 1345 1510 1645 1646 1664 1817 1939 2001 2006 2135 2150 2244 2257 2272 2418 2449 2518 2523 2538 2541 2815 2995 3004 3080 3158 3240 3319 3573 3623 3700 3935 4122 4208 4261 4319 4321 4391 4496 4632 4634 4660 4715 4790 4829 4855 4975 5002 5230 5340 5344 5345 5380 5443 5458 5514 5607 5612 5613 5636 5676 5710 5755 5820 5828 5858 5867 5942 5950 5964 5965 5973 5977 6007 6144 6147 6186 6319 6340 6341 6373 6384 6551 6578 6600 6607 6618 6780 6964 7013 7016 7061 7071 7072 7088 7098 7107 7119 7120 7148 7150 7152 7179 7192 7200 7205 7212 7214 7224 7226 7232 7243 7244 7248 7256 7267 7277 7280 7298 7312 10884 10901 10902 10903 
	}
	manpower=0
	buildings_max_level_factor=1.000
	history={
		owner = SWE
		add_core_of = SWE
	}
}
