state={
	id=121
	name="STATE_121"
	provinces={
		4 178 241 327 363 380 493 496 517 678 712 778 824 838 901 1022 1250 1252 1270 1309 1320 1331 1385 1435 1479 1663 1692 1720 1737 2004 2062 2090 2280 2502 2516 2539 2623 2643 2695 2755 2789 2884 2964 2991 3062 3124 3294 3428 3467 3670 3699 3738 3844 4047 4139 4768 4823 4894 4935 4951 4983 5378 5530 5707 5760 5815 5862 5869 6014 6106 6411 6449 6803 7421 7474 7481 7530 7584 7626 7644 7694 7704 7727 7735 7885 7922 7946 
	}
	manpower=0
	buildings_max_level_factor=1.000
	history = {
		owner = FRA
		add_core_of = FRA
	}
}
