
state={
	id=122
	name="STATE_122"

	history={
		owner = LIB
		add_core_of = LIB

	}

	provinces={
		68 111 254 258 303 309 459 529 658 829 845 961 977 1013 1055 1094 1192 1263 1307 1339 1373 1396 1509 1527 1552 1568 1586 1598 1777 1864 1891 1917 1946 1974 2014 2237 2271 2310 2320 2421 2536 2568 2609 2634 2894 3006 3013 3065 3323 3391 3477 3525 3526 3531 3556 3559 3661 3694 3966 4121 4483 4586 4691 4760 5442 5475 5572 5666 5742 5788 5855 5922 6002 6164 8113 8115 8155 8160 8220 8223 8259 8292 8300 8444 8455 8469 8497 
	}
	manpower=0
	buildings_max_level_factor=1.000
}
