
state={
	id=124
	name="STATE_124"

	history={
		owner = ENG
		add_core_of = ENG

	}

	provinces={
		28 59 69 80 90 95 163 165 198 252 267 349 366 377 413 429 498 539 562 564 584 609 672 679 680 698 748 757 840 847 877 949 967 972 1003 1006 1127 1260 1283 1376 1382 1433 1439 1458 1474 1520 1539 1551 1561 1635 1643 1733 1747 1755 1850 1898 2161 2170 2171 2195 2261 2314 2328 2402 2419 2535 2556 2590 2597 2621 2637 2646 2648 2656 2857 2911 2923 3041 3063 3069 3089 3152 3305 3342 3446 3704 3911 3937 4088 4099 4142 4340 4354 4445 4454 4627 4667 4669 4685 4735 4786 4916 5064 5410 5417 5556 5560 5590 5679 5893 5983 6279 6287 6414 6438 6482 6483 6501 8767 8815 8948 8964 9006 9029 9046 9071 9094 9098 9117 9129 9143 9202 9223 9242 9255 
	}
	manpower=0
	buildings_max_level_factor=1.000
}
