
state={
	id=132
	name="STATE_132"
	provinces={
		143 173 176 265 274 375 376 392 472 592 705 707 734 1028 1408 1422 1670 1763 1994 2015 2107 2191 2277 2594 2777 2961 3036 3054 3099 3129 3176 3443 3866 3900 4069 4126 4244 4425 4513 4616 4637 4757 4766 4792 5005 5115 5269 5391 5407 5513 5548 5593 5595 5629 5979 6087 6096 6168 6320 6738 6767 8743 8774 8780 8791 8804 8829 8838 8840 8856 8860 8865 8875 8891 8893 8910 8924 8937 8940 8941 9008 9026 9066 10945 10946 10947 
	}
	manpower=0
	buildings_max_level_factor=1.000
	history = {
		owner = ENG
		add_core_of = ENG
	}
}
