
state={
	id=134
	name="STATE_134"
	provinces={
		10 11 12 25 117 135 342 357 379 398 430 463 569 657 718 873 941 942 1004 1043 1070 1071 1155 1226 1246 1247 1378 1418 1453 1470 1512 1581 1587 1607 1764 1803 1833 1848 1854 1986 2159 2207 2289 2299 2308 2325 2336 2347 2398 2654 2765 2801 2931 2988 3017 3126 3147 3207 3293 3457 3471 3536 3550 3805 3807 4015 4104 4129 4192 4213 4218 4258 4375 4413 4767 4795 4851 4877 4915 4966 4973 4989 5027 5090 5138 5238 5421 5715 5912 5925 5953 6030 6246 6656 6679 6725 6800 8897 8946 8979 9024 9032 9077 9092 9109 9155 9169 9180 9198 9214 9215 9225 9230 9233 9234 9247 9248 9256 9258 9263 
	}
	manpower=0
	buildings_max_level_factor=1.000
}
