
state={
	id=135
	name="STATE_135"
	provinces={
		217 306 412 479 625 758 815 833 856 886 923 1001 1316 1353 1521 1541 1564 1585 1698 1707 1740 1785 1909 1989 1995 2051 2137 2286 2307 2361 2380 2412 2605 2712 2912 2969 3076 3077 3164 3186 3256 3272 3388 3410 3486 3502 3542 3777 3851 3899 3958 3981 3987 4085 4154 4201 4226 4263 4268 4336 4382 4408 4410 4438 4480 4506 4535 4545 4556 4607 4674 4700 4722 4759 4770 4853 4898 5038 5056 5084 5183 5199 5210 5215 5291 5303 5342 5374 5426 5427 5456 5539 5582 5584 5589 5637 5674 5738 5774 5798 5920 5986 6004 6027 6057 6074 6145 6247 6280 6315 6351 6352 6359 6365 6396 6452 6570 6603 6639 6642 6645 6657 6677 6809 8401 8518 8521 8523 8560 8561 8599 8602 8605 8689 8708 8744 8779 8800 8834 8835 8844 8858 8873 8892 8907 8908 8911 8916 8919 8922 8925 8926 8928 8962 8978 8983 8986 8997 9000 9013 9039 9040 9045 9047 9051 9055 9058 9059 9063 9065 9076 9079 9083 9084 9091 9093 9100 9104 9106 9122 9132 9135 9136 9149 9150 9157 9165 9166 9170 9171 9182 9194 9201 9208 9222 9232 9252 9360 9362 9363 9364 9365 
	}
	manpower=0
	buildings_max_level_factor=1.000
	history = {
		owner = JAP
		add_core_of = JAP
	}
}
