
state={
	id=155
	name="STATE_155"

	history={
		owner = FEN
		buildings = {
			infrastructure = 1

		}

	}

	provinces={
		161 167 190 214 313 419 612 639 647 702 719 770 852 868 874 878 882 890 897 934 947 983 1014 1027 1033 1082 1255 1290 1355 1358 1391 1593 1603 1644 1656 1729 1794 1800 1932 1997 2019 2109 2157 2226 2258 2442 2448 2471 2490 2580 2591 2599 2716 2730 2749 2788 2791 2867 3073 3090 3233 3274 3275 3292 3382 3432 3441 3466 3476 3583 3585 3593 3660 3716 3750 3926 3930 3979 4026 4068 4137 4141 4157 4163 4269 4466 4468 4491 4749 4800 4939 5020 5116 5172 5203 5207 5217 5355 5429 5490 5496 5500 5509 5565 5694 6155 6174 6250 6477 6698 6747 8490 8498 8544 8548 8587 8628 8661 8663 8722 8756 8781 8824 8851 8864 8903 8931 8975 8980 8981 8999 9025 9031 
	}
	manpower=0
	buildings_max_level_factor=1.000
	state_category=rural
}
