
state={
	id=165
	name="STATE_165"
	provinces={
		246 337 343 421 629 663 716 773 791 857 1021 1046 1269 1410 1617 1710 1824 1872 2068 2128 2290 2349 2429 2440 2741 2745 2845 2873 2900 3115 3355 3605 3819 3869 4075 4250 4453 4473 4560 4763 5316 5463 5470 5648 5708 5751 6348 6381 6513 6574 6640 6703 6704 8338 8404 8437 8481 8489 8517 8538 8552 8558 8563 8572 8577 8585 10881 10890 10891 10976 10977 10979 10980 10984 10985 10986 10987 10988 10991 10992 10993 10994 10996 10999 11010 11012 11015 11016 11018 11021 11022 
	}
	manpower=0
	buildings_max_level_factor=1.000
}
