state={
	id=168
	name="STATE_168"
	provinces={
		30 34 134 171 196 201 238 248 382 475 520 523 547 570 587 637 677 776 846 864 887 951 975 996 1140 1319 1366 1424 1518 1706 1756 1776 1863 2074 2101 2151 2219 2462 2702 2974 3092 3192 3196 3315 3336 3348 3454 3523 3837 3857 3867 4095 4162 4361 4511 4750 4799 4839 5018 5137 5196 5281 5289 5341 5438 5448 5479 5534 5541 5561 5626 5660 5713 5714 5803 5822 6055 6170 6234 6258 6333 6659 6662 6741 6801 6814 6815 6817 6818 6821 6822 6823 6824 6831 6832 6834 6835 6837 6839 6842 6843 6849 6856 6862 6863 6869 6874 6905 6959 6968 6971 6986 7009 7039 9288 
	}
	history={
		owner = CHU
		buildings = {
			infrastructure = 1

		}
	}
		add_core_of = PAG
		add_core_of = CHU
	state_category = rural
	manpower=0
	buildings_max_level_factor=1.000
}
