
state={
	id=169
	name="STATE_169"
	provinces={
		24 27 65 82 91 93 115 121 126 159 183 195 208 245 353 427 441 442 456 537 585 588 671 723 771 794 903 911 946 1081 1092 1099 1108 1115 1126 1159 1189 1214 1216 1276 1291 1406 1496 1540 1601 1655 1674 1684 1750 1760 1796 1857 1871 1885 1931 1943 1968 2009 2063 2218 2381 2390 2459 2460 2473 2479 2532 2559 2600 2624 2647 2664 2676 2740 2827 2933 2941 3014 3149 3193 3195 3234 3265 3349 3375 3406 3456 3758 3795 3813 3824 3863 3918 4051 4079 4084 4237 4287 4383 4447 4474 4614 4651 4734 4758 4776 4812 5029 5057 5077 5118 5162 5455 5464 5689 5991 6033 6084 6133 6204 6337 6383 6512 6550 6587 6665 8676 8688 8705 8754 8764 8810 8816 8839 8846 8850 8881 8882 8885 8886 8947 8954 8973 9011 10930 
	}
	manpower=0
	buildings_max_level_factor=1.000
}
