
state={
	id=173
	name="STATE_173"
	provinces={
		73 77 110 127 164 177 239 257 308 311 348 355 364 397 399 417 438 497 502 543 559 565 568 591 624 635 685 722 769 799 819 848 855 938 1032 1075 1098 1112 1278 1304 1338 1397 1405 1415 1468 1469 1515 1519 1639 1793 1814 1875 1911 1938 1967 2021 2040 2085 2119 2145 2149 2162 2213 2240 2283 2367 2455 2464 2533 2714 2769 2835 2863 3031 3060 3095 3103 3194 3198 3270 3383 3390 3394 3420 3460 3521 3545 3553 3629 3762 3865 3883 3903 4091 4093 4102 4145 4199 4243 4246 4289 4322 4324 4403 4406 4515 4547 4601 4679 4729 4730 4744 4810 4835 4850 4956 4990 5073 5173 5231 5260 5272 5310 5314 5382 5618 5861 5904 6134 6264 6444 6460 6467 6536 6601 6898 6911 6915 6916 6918 6919 6922 6926 6931 6932 6933 6950 6967 6982 6992 6997 7004 7019 7031 7034 7038 7052 7059 7064 7074 7075 7114 7131 7145 7157 7158 7181 7238 7269 7301 7324 7346 7354 7362 7364 7398 7414 7447 7480 7500 7516 7538 7562 7643 9306 9311 
	}
	manpower=0
	buildings_max_level_factor=1.000
}
