
state={
	id=209
	name="STATE_209"
	provinces={
		50 147 154 156 157 175 188 260 285 326 359 401 437 450 452 471 549 648 711 781 782 835 939 1025 1026 1030 1118 1122 1167 1198 1199 1362 1372 1440 1482 1491 1508 1544 1606 1630 1652 1682 1689 1690 1722 1727 1861 1878 1919 1941 1954 2148 2205 2369 2389 2424 2492 2511 2602 2665 2743 2779 2896 3012 3035 3039 3114 3138 3208 3225 3379 3389 3447 3469 3488 3527 3555 3643 3654 3662 3672 3707 3746 3749 3783 3814 3862 3944 4010 4038 4181 4216 4283 4374 4388 4462 4485 4712 5047 5113 5139 5142 5185 5359 5459 5498 5511 5531 5628 5739 5838 5874 6008 6029 6240 6419 6762 8900 8905 8915 8923 8989 9010 9020 9038 9054 9087 9097 9103 9116 9138 9142 9172 9181 9189 9196 9203 9209 9220 9260 9261 9264 
	}
	manpower=0
	buildings_max_level_factor=1.000
}
