state={
	id=211
	name="STATE_211"
	provinces={
		431 636 662 669 960 998 1000 1091 1105 1172 1237 1335 1371 1412 1543 1683 1753 1846 1902 2113 2269 2309 2322 2510 2585 2626 2832 2852 2976 3165 3197 3376 3440 3532 3566 3648 3770 3962 4022 4212 4377 4542 4552 4603 4649 4752 4798 4837 4900 4945 4998 5094 5117 5151 5304 5317 5575 5579 5698 5732 6023 6032 6273 6286 6674 6685 9111 9120 9125 9144 9151 9160 9163 9183 9188 9192 9195 9197 9219 9240 9246 9250 
	}
	manpower=0
	buildings_max_level_factor=1.000
	history={
		owner = AFG
		add_core_of = AFG
	}
}
