
state={
	id=213
	name="STATE_213"
	provinces={
		14 17 42 55 72 78 84 86 141 145 206 215 216 229 231 236 244 290 291 302 315 316 320 384 418 464 468 483 484 507 521 530 571 581 589 590 597 599 621 626 631 646 687 713 728 746 763 774 790 802 826 880 898 918 931 937 976 980 991 1048 1056 1062 1067 1087 1106 1113 1153 1166 1176 1212 1219 1227 1233 1298 1302 1346 1352 1402 1416 1432 1441 1455 1456 1457 1488 1495 1503 1546 1569 1575 1602 1654 1671 1678 1735 1789 1802 1811 1881 1929 1950 1955 1972 1981 1996 2007 2011 2023 2043 2075 2081 2134 2147 2158 2188 2192 2239 2242 2248 2255 2268 2317 2340 2353 2378 2427 2441 2454 2461 2487 2496 2501 2507 2521 2527 2528 2550 2572 2617 2619 2633 2683 2767 2776 2778 2782 2800 2813 2842 2849 2862 2876 2902 2904 2913 2916 2934 3083 3086 3091 3100 3156 3171 3218 3238 3239 3264 3281 3307 3308 3327 3334 3362 3407 3429 3484 3491 3552 3569 3601 3609 3616 3682 3720 3726 3727 3760 3785 3843 3846 3855 3890 3902 3908 3919 3946 3947 3970 4002 4008 4060 4105 4140 4144 4175 4182 4193 4203 4225 4238 4248 4255 4309 4315 4394 4401 4417 4461 4534 4539 4594 4630 4641 4652 4673 4774 4775 4816 4817 4845 4866 4934 4988 5028 5079 5088 5121 5145 5160 5227 5232 5253 5276 5295 5301 5334 5338 5339 5392 5431 5437 5449 5538 5547 5647 5680 5761 5785 5811 5846 5873 5934 5940 5954 5996 6075 6135 6171 6176 6194 6198 6301 6308 6440 6468 6471 6476 6484 6540 6557 6577 6589 6613 6614 6619 6624 6678 6713 6750 6785 6786 7000 7008 7015 7030 7033 7049 7058 7063 7069 7099 7143 7160 7180 7237 7253 7259 7275 7288 7308 7309 7321 7342 7369 7385 7415 7417 7438 7460 7467 7488 7501 7534 7535 7576 7636 7658 7709 7750 7788 7798 7827 7851 7875 7884 7925 7943 8016 8023 8050 8063 8070 8136 8170 8202 8211 8222 8228 8235 8287 8363 8387 8388 8410 8447 8477 8564 9305 9310 
	}
	manpower=0
	buildings_max_level_factor=1.000
}
