
state={
	id=215
	name="STATE_215"
	provinces={
		21 22 51 102 131 264 276 408 415 446 684 738 745 750 772 841 842 902 919 963 973 987 1039 1138 1182 1191 1267 1272 1281 1305 1315 1357 1367 1505 1711 1716 1812 1869 1912 1999 2058 2163 2288 2292 2304 2360 2362 2399 2438 2513 2526 2673 2703 2895 2908 3019 3067 3078 3202 3322 3341 3373 3395 3524 3535 3541 3656 3734 3742 3798 3868 3907 3978 3986 4110 4148 4169 4183 4205 4260 4274 4300 4338 4416 4493 4544 4610 4650 4742 4867 4919 4954 4977 5133 5152 5313 5350 5353 5370 5465 5474 5517 5642 5656 5695 5808 5833 5927 5989 6018 6039 6048 6185 6307 6332 6342 6392 6503 6522 6634 6648 6680 6758 6788 7247 7272 7278 7291 7299 7311 7352 7410 7425 7433 7439 7445 7451 7459 7523 7524 7551 7554 7564 7568 7580 7589 7592 7617 7620 7628 7642 7647 7660 7677 7707 7708 7717 7736 7746 7760 7767 7773 7790 7795 7797 7820 7866 7908 7916 7949 7974 9313 
	}
	manpower=0
	buildings_max_level_factor=1.000
}
