
state={
	id=22
	name="STATE_22"

	history={
		owner = ITA
		add_core_of = ITA

	}

	provinces={
		766 968 986 1011 1148 1313 1360 1538 1550 1669 1738 1837 1913 1934 1959 1977 2053 2164 2211 2256 2315 2520 2724 2729 2899 2985 3021 3227 3255 3578 3633 3839 4074 4153 4161 4177 4224 4331 4399 4458 4538 4571 4662 4687 4714 4731 4784 4842 4922 5015 5074 5109 5166 5220 5336 5352 5354 5395 5446 5467 5524 5619 5632 5662 5945 6042 6088 6113 6167 6200 6202 6233 6262 6278 6305 6312 6358 6408 6506 6565 6583 6615 6690 6721 7429 7430 7452 7453 7457 7471 7482 7484 7491 7494 7502 7541 7552 7559 7566 7572 7573 7581 7594 7606 7607 7608 7610 7627 7645 7646 7664 7667 7680 7689 7712 7713 7718 7723 7757 7762 7774 7776 7777 7781 7791 7799 7800 7812 7826 7831 7833 7840 7841 7844 7855 7871 7879 7882 7886 7912 7913 7919 7924 7944 7957 7961 7965 7967 7971 7972 7982 7993 
	}
	manpower=0
	buildings_max_level_factor=1.000
}
