
state={
	id=228
	name="STATE_228"
	provinces={
		3 20 234 325 383 481 528 602 644 695 883 905 999 1010 1029 1034 1061 1079 1145 1165 1181 1200 1221 1248 1356 1619 1679 1691 1697 1762 1765 1944 1960 2138 2190 2278 2391 2403 2415 2491 2678 2720 2735 2979 3074 3097 3182 3247 3386 3412 3418 3461 3495 3828 3853 4119 4209 4271 4305 4313 4326 4621 4657 4727 4737 4801 4918 5106 5122 5390 5450 5460 5557 5563 5605 5672 5702 5825 6012 6065 6192 6227 6430 6462 6573 6798 8347 8348 8394 8405 8417 8423 8431 8435 8458 8483 8510 8512 8530 8539 8541 8555 8566 
	}
	manpower=0
	buildings_max_level_factor=1.000
}
