
state={
	id=232
	name="STATE_232"
	provinces={
		112 136 312 492 623 638 661 725 768 817 900 954 1076 1146 1151 1160 1190 1197 1234 1310 1323 1708 1751 1791 1842 1880 2073 2077 2102 2235 2300 2445 2522 2545 2563 2661 2713 2721 2886 3046 3246 3413 3582 3599 3624 3782 3793 3800 3834 4023 4359 4363 4472 4495 4523 4553 4870 4897 4960 4986 5103 5188 5198 5237 5307 5360 5409 5414 5485 5644 5813 6020 6021 6128 6163 6257 6355 6361 6380 6393 6423 6427 6435 6447 6470 6636 8930 8949 8952 8955 8963 8966 8968 8971 8972 8984 8988 8993 8994 9001 9004 9005 9007 9009 9012 9017 9027 9028 9034 9036 9041 9042 9056 9061 9067 9072 9080 9081 9085 9096 9101 9105 9114 9131 9137 9158 9177 
	}
	manpower=0
	buildings_max_level_factor=1.000
}
