state={
	id=314
	name="STATE_314"
	provinces={
		42 78 86 216 229 315 320 418 521 880 931 1062 1113 1346 1402 1441 1457 1950 2011 2134 2255 2528 2619 2913 3083 3156 3308 3362 3429 3601 3616 3902 3919 3947 4002 4193 4394 4417 4866 5028 5232 5253 5276 5392 5437 5547 5761 5846 5873 5934 5940 5996 6471 6577 6619 7000 7008 7015 7030 7033 7049 7058 7063 7069 7099 7143 7160 7180 7237 7253 7259 7275 7288 7369 9305 9310 
	}
	history={
		owner = PAG
		buildings = {
			infrastructure = 1
		}
	}
		add_core_of = PAG
	state_category = rural
	manpower=0
	buildings_max_level_factor=1.000
}
