state={
	id=364
	name="STATE_364"
	provinces={
		41 250 336 704 710 1171 1245 1723 1921 2172 2176 2199 2221 2263 2564 2653 2692 2772 3121 3237 3266 3321 3518 3625 3915 4001 4242 4266 4519 4698 4705 4707 4819 5098 5114 5195 5305 5795 5800 5892 6140 6148 6218 6356 6369 6426 6497 6689 6812 8463 8479 8480 8499 8515 8547 8557 8562 8650 8651 8652 
	}
	history={
		owner = ALA
		buildings = {
			infrastructure = 1

		}
		add_core_of = ALA
	}
	manpower=0
	buildings_max_level_factor=1.000
}
