
state={
	id=6
	name="STATE_6"
	provinces={
		57 118 138 293 473 1147 1158 1297 1576 1577 1616 1638 1667 1725 1844 1924 1936 1965 2209 2477 2887 2940 2953 3110 3113 3155 3219 3231 3236 3286 3297 3399 3737 3968 4172 4419 4424 4507 4638 4661 4815 5016 5042 5335 5430 5623 5625 5704 5717 5804 5809 5842 5845 5926 6011 6038 6062 6181 6300 6347 6635 6733 7155 7159 7176 7183 7187 7209 7219 7231 7242 7250 7258 7264 7285 7287 7300 7305 7326 7330 7359 7367 7373 7383 7390 7401 7408 7427 7435 
	}
	manpower=0
	buildings_max_level_factor=1.000
}
