
state={
	id=74
	name="STATE_74"
	provinces={
		43 87 114 128 139 140 230 307 350 367 458 470 512 525 526 689 756 1002 1053 1058 1107 1177 1202 1271 1350 1409 1530 1626 1714 1719 1748 1797 1834 1847 1937 2116 2133 2202 2285 2301 2344 2397 2428 2484 2534 2557 2780 2805 2816 2820 2850 3052 3059 3120 3135 3180 3191 3212 3223 3226 3311 3384 3438 3442 3453 3515 3558 3565 3571 3604 3655 3748 3776 3806 3873 3880 3885 3887 3953 3955 3995 4041 4045 4106 4178 4206 4210 4217 4236 4249 4251 4265 4286 4349 4368 4570 4584 4602 4612 4677 4678 4733 4753 4754 4761 4794 4831 4844 4864 4865 4917 5041 5070 5147 5206 5255 5286 5298 5387 5388 5493 5518 5550 5650 5665 5789 5857 5937 5947 6026 6046 6063 6099 6111 6139 6177 6193 6239 6276 6293 6296 6299 6302 6357 6363 6431 6436 6451 6491 6496 6508 6515 6564 6567 6612 6701 6707 6749 6756 6769 6784 8225 8226 8252 8262 8282 8285 8289 8294 8297 8298 8310 8311 8319 8327 8336 8342 8343 8349 8351 8357 8359 8362 8368 8381 8385 8390 8406 8413 8414 8425 8427 8433 8434 8441 8443 8445 8449 8451 8452 8453 8460 8464 8470 8471 8474 8478 8482 8491 8501 8509 8516 8520 8526 8529 8543 8549 8551 8554 8556 8568 8570 8574 8583 8589 8601 8609 8613 8624 8634 8641 8654 8659 8674 8690 8712 8732 9336 9338 9353 10927 10928 10929 10935 
	}
	manpower=0
	buildings_max_level_factor=1.000
}
